12.468015436791019
26.132966904455618
726.7091568237634
0.6260238059735195
0.27599111215062566
0.7155888200210502
0.008420067828324173
0.7400304058004912
0.14232253537597941
0.11764705882352941
0.3472108525318676
0.21202198573266284
0.21634896503332943
0.20640860718044673
0.01800958952169337
0.0012863992515495264
0.027014384282540053
0.0036253069816395743
0.0001169453865045024
0.004093088527657584
0.0010525084785405216
0.0009355630920360191
0.005262542392702608
0.005028651619693603
0.005496433165711613
0.010642030171909718
0.017424862589170857
0.013097883288504268
0.004560870073675593
0.009004794760846684
0.0038591977546485793
0.011109811717927728
0.0011694538650450239
0.010642030171909718
0.016255408724125835
0.0061981054847386275
0.014852064086071804
0.007484504736288153
0.0010525084785405216
0.001520290024558531
0.0009355630920360191
0.0014033446380540288
0.014384282540053795
0.0011694538650450239
0.0037422523681440766
0.0019880715705765406
0.0037422523681440766
0.0016372354110630336
0.003976143141153081
0.0033914162086305694
0.003508361595135072
0.0036253069816395743
0.0024558531165945504
0.0010525084785405216
0.005145597006198105
0.001754180797567536
0.0014033446380540288
0.001754180797567536
0.0022219623435855455
0.0021050169570810432
0.0007016723190270144
0.005028651619693603
0.006431996257747632
0.0077183955092971586
0.004794760846684599
0.0024558531165945504
0.005613378552216115
0.0008186177055315168
0.003508361595135072
0.001520290024558531
0.21927259969594198
0.0014033446380540288
0.0008186177055315168
0.019646824932756404
0.0077183955092971586
0.0018711261840720383
0.0012863992515495264
0.005028651619693603
0.003157525435621565
0.009940357852882704
0.001520290024558531
0.00292363466261256
0.005964214711729622
0.0007016723190270144
0.003508361595135072
0.021167114957314933
0.016723190270143844
0.0011694538650450239
0.0012863992515495264
0.007601450122792655
0.001754180797567536
0.004560870073675593
0.009004794760846684
0.001520290024558531
0.0024558531165945504
0.014852064086071804
0.0016372354110630336
0.012863992515495264
0.0018711261840720383
0.01754180797567536
0.0016372354110630336
0.0009355630920360191
0.009940357852882704
0.004093088527657584
0.001754180797567536
0.004911706233189101
0.010525084785405215
0.0021050169570810432
0.0014033446380540288
0.0003508361595135072
0.0014033446380540288
0.0023389077300900478
0.0014033446380540288
0.0008186177055315168
0.0011694538650450239
0.001520290024558531
0.0028066892761080577
0.005613378552216115
0.003040580049117062
0.016840135656648346
0.0005847269325225119
0.0014033446380540288
0.005028651619693603
0.003040580049117062
0.001754180797567536
0.0016372354110630336
0.0018711261840720383
0.0016372354110630336
0.005613378552216115
0.013331774061513273
0.0019880715705765406
0.001520290024558531
0.0014033446380540288
0.014735118699567302
0.003040580049117062
0.005964214711729622
0.005964214711729622
0.0025727985030990527
0.004326979300666589
0.0016372354110630336
0.0019880715705765406
0.0011694538650450239
0.0011694538650450239
0.0010525084785405216
0.0011694538650450239
0.0023389077300900478
0.0014033446380540288
0.004911706233189101
0.012863992515495264
0.0022219623435855455
0.027949947374576074
0.018711261840720382
0.00584726932522512
0.00537948777920711
0.0025727985030990527
0.0023389077300900478
0.0014033446380540288
0.0007016723190270144
0.001754180797567536
0.01075897555841422
0.0037422523681440766
0.001754180797567536
0.010642030171909718
0.017424862589170857
0.004093088527657584
0.0016372354110630336
0.005496433165711613
0.001754180797567536
0.0016372354110630336
0.006899777803765641
0.0024558531165945504
0.001520290024558531
0.07987369898257514
0.035434452110864226
0.0679452695591159
0.08396678751023272
0.06279967255291778
0.04081393989007134
0.07051806806221494
0.14033446380540288
0.0002338907730090048
0.05052040696994504
0.024324640392936497
0.05262542392702608
0.1465325692901415
0.07671617354695358
0.0633843994854403
0.1309788328850427
0.09343936381709742
0.10595252017307917
0.27482165828558064
0.22640626827271665
0.1025611039644486
0.0024558531165945504
0.0633843994854403
0.29037539469067947
0.6726698631738978
0.036954742135422755
0.0001169453865045024
0.003274470822126067
0.0003508361595135072
0.0001169453865045024
0.0001169453865045024
0.0002338907730090048
0.00877090398783768
0.025727985030990528
0.0001169453865045024
0.0033914162086305694
0.0001169453865045024
0.0001169453865045024
0.0001169453865045024
0.0002338907730090048
0.0001169453865045024
0.0001169453865045024
0.0001169453865045024
0.0004677815460180096
0.0008186177055315168
0.0004677815460180096
0.0007016723190270144
0.0002338907730090048
0.1612676879897088
0.0001169453865045024
0.0001169453865045024
0.0001169453865045024
0.0001169453865045024
0.0003508361595135072
0.0001169453865045024
0.0001169453865045024
0.0001169453865045024
0.0046778154601800955
0.0001169453865045024
0.05309320547304409
0.7242427786223834
0.0061981054847386275
0.0025727985030990527
0.0003508361595135072
0.0001169453865045024
0.0001169453865045024
0.0001169453865045024
0.0001169453865045024
0.2924804116477605
0.7075195883522395
0.15226289322886213
0.8477371067711379
